version https://git-lfs.github.com/spec/v1
oid sha256:a498b08544ddc7426081abaf9189e18a06e78bec7f645f151983743d5e6bb2fa
size 253065
