version https://git-lfs.github.com/spec/v1
oid sha256:08430e06e42cfc7fd0bf4df47d47b1a90c8ca3d3669358c35949bed5e46cc57c
size 95484
