version https://git-lfs.github.com/spec/v1
oid sha256:071b1d290b9e9eb7d4dfee9446edfe998b107491bb937a4387a20495e0886192
size 191309
