version https://git-lfs.github.com/spec/v1
oid sha256:a6600c1aa50eee52df50f44e2ab435412312b8e828556c04f8004f58e9a92188
size 150
