version https://git-lfs.github.com/spec/v1
oid sha256:fbc6fda28162bf3576080c9ee9ad797e592b2f4de1d244faf1c906d69074de8e
size 541393
