version https://git-lfs.github.com/spec/v1
oid sha256:4464e8a9dcc80b1f578919b2bb29fac4ef73d8c183f1ce049d0e03b1ada0c297
size 119110
