version https://git-lfs.github.com/spec/v1
oid sha256:f25cb45e971d504cd32299c7eeb59064fb519ba8d1429c7b5ca73e7e6ae3f18f
size 175697
