version https://git-lfs.github.com/spec/v1
oid sha256:a7aa8b5ff15cb4263388a288debf5811978aa87e8cf62c7469a8043f6a49a83e
size 294666
