version https://git-lfs.github.com/spec/v1
oid sha256:8f75a013d242b101f2b225416153efe7b45a6d25be65daab1a61c822d744e273
size 232082
